13
13
13
13
17
11
14
13
13
13
11
11
13
14
13
13
13
14
13
13
13
13
13
14
13
14
13
10
13
14
13
17
17
17
13
13
6
6
19
14
11
13
16
13
14
13
14
11
11
13
13
14
14
19
10
11
10
6
11
6
11
13
14
13
17
6
13
14
13
14
17
13
19
11
13
14
13
11
14
13
6
13
6
14
11
19
14
13
17
14
14
13
14
13
11
19
11
13
10
13
13
14
11
17
14
13
19
19
14
6
6
11
13
11
13
14
14
19
6
6
13
16
10
17
14
10
17
11
14
11
17
16
11
11
11
14
17
10
14
11
6
14
11
17
11
17
11
10
14
19
17
11
6
17
19
11
11
14
6
11
6
16
17
14
6
6
10
17
17
16
19
6
17
19
11
11
10
13
14
6
10
16
12
6
16
11
6
11
17
17
11
11
14
13
16
19
17
14
13
17
19
17
10
6
6
6
11
6
10
10
6
6
10
10
6
11
10
10
11
11
11
5
11
6
10
11
6
6
10
10
10
6
6
10
6
10
10
11
6
2
7
6
11
7
6
11
6
6
13
10
11
6
5
6
5
10
6
10
10
7
7
10
7
6
10
5
11
7
6
10
6
10
10
6
11
10
10
6
6
7
6
11
5
6
5
16
2
7
5
6
7
3
11
10
5
10
5
10
4
6
7
10
10
2
5
10
6
10
5
10
10
10
10
10
5
7
5
14
3
11
10
0
3
1
0
5
3
1
3
4
0
0
3
4
0
3
3
1
1
2
0
2
0
0
5
3
3
3
1
4
0
0
0
3
3
1
0
3
5
5
1
1
3
5
1
3
4
3
0
1
3
3
0
3
2
1
1
0
0
0
0
1
1
0
4
1
0
3
1
3
3
5
3
5
2
4
3
5
3
5
2
0
4
5
5
0
3
2
1
0
0
4
3
3
0
5
4
3
5
1
3
5
4
5
1
2
7
1
0
7
0
7
1
7
7
3
3
0
5
5
5
5
0
4
1
7
4
0
4
3
5
1
5
3
5
12
4
5
2
5
7
7
5
7
3
4
1
1
4
4
4
4
5
4
4
7
7
4
10
17
16
13
13
10
10
14
14
14
16
10
16
14
10
11
1
16
17
14
4
10
16
7
7
7
12
19
2
2
2
5
5
5
2
5
0
2
2
7
2
0
2
2
2
18
2
2
7
7
4
2
17
2
0
7
7
7
12
18
19
14
10
17
17
14
4
7
4
7
16
7
7
7
16
17
0
19
1
4
16
12
16
19
16
14
12
18
17
16
18
16
12
15
16
16
16
18
19
12
16
16
16
16
16
16
12
16
14
12
16
7
18
17
15
16
19
18
18
19
15
18
16
12
18
19
18
19
18
19
18
7
15
16
13
7
12
10
16
16
7
19
18
14
7
18
18
12
16
15
15
12
7
4
7
10
12
1
4
7
19
15
4
18
7
1
4
7
0
7
12
7
4
15
7
2
1
1
7
0
18
15
4
12
12
0
1
7
2
16
16
19
18
16
12
18
15
18
12
18
16
18
18
19
15
18
18
19
12
12
15
12
18
16
12
15
12
15
18
15
12
2
15
15
12
18
15
18
7
18
13
15
18
7
7
18
18
15
18
0
9
2
15
18
15
15
15
18
15
15
19
19
15
15
12
19
15
18
15
15
15
18
11
15
15
18
10
19
18
15
15
12
12
15
15
12
15
15
15
15
15
15
12
12
15
2
10
15
14
9
0
9
9
12
7
2
16
5
2
16
0
8
14
1
18
9
2
9
2
9
11
11
10
2
16
15
9
9
1
9
2
9
8
9
9
8
14
3
14
19
9
3
15
10
9
2
17
6
10
7
16
8
9
2
9
8
9
8
13
16
6
11
12
13
9
19
9
16
11
10
13
7
8
7
12
9
10
3
15
5
